
0|百家讲坛2/苏轼|10|10|15|15
0|百家讲坛/白居易|7|7|3|3
0|百家讲坛/长恨歌|31|31|3|3
0|百家讲坛/大唐开国|20|20|3|3
0|百家讲坛/道光|17|17|6|6
0|百家讲坛/发现上官婉儿|5|5|3|3
0|百家讲坛/光绪|16|16|6|6
0|百家讲坛/嘉庆|10|10|6|6
0|百家讲坛/末代皇帝溥仪|21|21|4|4
0|百家讲坛/清十二帝后宫疑案|12|12|4|4
0|百家讲坛/宋太宗|18|41|1|3
0|百家讲坛/宋太祖|40|40|3|3
0|百家讲坛/隋唐风云|34|34|2|3
0|百家讲坛/隋唐考场风云|22|22|4|4
0|百家讲坛/隋唐日常生活|15|15|2|2
0|百家讲坛/太平公主|18|18|3|3
0|百家讲坛/武则天|32|32|3|3
0|百家讲坛/玄奘|32|32|1|玄奘
0|百家讲坛/喻大华苦命皇帝咸丰|10|10|6|6
0|百家讲坛/贞观之治|11|11|3|2
0|百家讲坛/资治通鉴1|9|9|15|15
0|百家讲坛/资治通鉴2|1|20|1|30
0|罗辑思维|80|87|2|20
0|圆桌派/圆桌派1|24|24|1|1
0|圆桌派/圆桌派2|24|24|1|1
0|圆桌派/圆桌派3|24|24|1|1
0|圆桌派/圆桌派4|16|29|1|1
1|百家讲坛/国史通鉴远古|6|6|3|3
1|百家讲坛/刘心武红楼梦|16|16|3|3
1|百家讲坛/王立群读史记|12|12|3|3
1|百家讲坛/王立群说成语|2|10|1|3
1|百家讲坛/竹林七贤|13|13|3|3
1|抗日战争|2|54|1|3
1|/mnt/share3/loop|27|37|155|999999
1|/mnt/share3/songs|4|43|1|100000
