#0|0|https://aliyun-flv-ipv6.yy.com/live/15013_xv_1354936120_1354936120_0_0_0-15013_xa_1354936120_1354936120_0_0_0-0-0-0-0-0-1718005343396318.flv?codec=orig&appid=15013&rts_tk=cf63e7c60e8faa5efb73d5a5a0d6a1a2&secret=1eaeef5e87303c40665fc83839be5950&t=1718092510&stream_key=15013_xv_1354936120_1354936120_0_0_0&r_stream_key=15013_xa_1354936120_1354936120_0_0_0&channelid=1354936120&mtk=1&line_seq=5&cp_id=2&rts=1&ctx=eyJydHNfYXV0aCI6MiwiZGVmX3Bhc3MiOjF9&r=enter&playeruid=0&uuid=7a7468ef-4f06-4db2-b121-d0a394103745|999
##0|0|https://xy39x175x179x148xy.mcdn.bilivideo.cn:486/live-bvc/647577/live_10077514_1251833_2500/index.m3u8|9999
0|0|https://aliyun-flv-ipv6.yy.com/live/15013_xv_1354936149_1354936149_0_0_0-15013_xa_1354936149_1354936149_0_0_0-0-0-0-0-0-1718000542104842.flv?codec=orig&appid=15013&rts_tk=c58a61a1b56ebdd4aab6e15d2195e6a9&secret=918aa607b601d78dace522ae44d9bc7c&t=1718086997&stream_key=15013_xv_1354936149_1354936149_0_0_0&r_stream_key=15013_xa_1354936149_1354936149_0_0_0&channelid=1354936149&mtk=1&line_seq=5&cp_id=2&rts=1&ctx=eyJydHNfYXV0aCI6MiwiZGVmX3Bhc3MiOjF9&r=enter&playeruid=0&uuid=e6fd8c72-e029-43ee-96de-bbd1e3063d59|1999

#0|0|http://apop.bigbradio.net/s|999
#0|0|https://dikcfc9915kp8.cloudfront.net/hls/1080p/playlist.m3u8|9999


0|0|百家讲坛/嘉庆|3
0|0|百家讲坛/道光|3
0|0|百家讲坛/喻大华苦命皇帝咸丰|3
0|0|百家讲坛/光绪|3
0|0|百家讲坛/末代皇帝溥仪|3
0|0|百家讲坛/清十二帝后宫疑案|3



0|0|百家讲坛/隋唐考场风云|2
0|0|百家讲坛/隋唐日常生活|2
0|0|百家讲坛/隋唐风云|2
0|0|百家讲坛/大唐开国|2
0|0|百家讲坛/贞观之治|2
0|0|百家讲坛/武则天|3
0|0|百家讲坛/发现上官婉儿|3
0|0|百家讲坛/太平公主|3
0|0|百家讲坛/长恨歌|3
0|0|百家讲坛/玄奘|玄奘|3
0|0|百家讲坛/白居易|3


0|0|百家讲坛/宋太祖|3
0|0|百家讲坛/宋太宗|3
0|0|百家讲坛/宋徽宗之谜|3
0|0|百家讲坛/大宋谜案|3
0|0|百家讲坛/苏轼|3
0|0|百家讲坛/杨家将|3
0|0|百家讲坛/唐宋八大家|3
0|0|百家讲坛/宋朝那些事儿|3
0|0|百家讲坛/西游启示录|3
0|0|百家讲坛/国史通鉴宋元时代|3

0|0|百家讲坛/永乐大帝|3
0|0|百家讲坛/三言二拍|3
0|0|百家讲坛/大明嘉靖往事|3
0|0|百家讲坛/朱棣身后那些事儿|3

0|0|百家讲坛/国史通鉴春秋战国|3
0|0|百家讲坛/评点战国策|3
0|0|百家讲坛/易中天先秦诸子百家|3
0|0|百家讲坛/名相管仲|3

0|0|百家讲坛/王立群读史记|3
0|0|百家讲坛/文景之治|3
0|0|百家讲坛/史记|史记|3
0|0|百家讲坛/品三国|品三国|3
0|0|百家讲坛/东汉开国|3
0|0|百家讲坛/资治通鉴2|3
0|0|百家讲坛/资治通鉴1|3
0|0|文明|3
0|0|罗辑思维|3

0|0|百家讲坛/国史通鉴远古|3
0|0|百家讲坛/刘心武红楼梦|3   
0|0|百家讲坛/竹林七贤|3
0|0|百家讲坛/王立群说成语|3
0|0|百家讲坛/鲍鹏山水浒|3

0|0|/mnt/share3/songs|500000

1|0|https://aliyun-flv-ipv6.yy.com/live/15013_xv_1354936120_1354936120_0_0_0-15013_xa_1354936120_1354936120_0_0_0-0-0-0-0-0-1718005343396318.flv?codec=orig&appid=15013&rts_tk=cf63e7c60e8faa5efb73d5a5a0d6a1a2&secret=1eaeef5e87303c40665fc83839be5950&t=1718092510&stream_key=15013_xv_1354936120_1354936120_0_0_0&r_stream_key=15013_xa_1354936120_1354936120_0_0_0&channelid=1354936120&mtk=1&line_seq=5&cp_id=2&rts=1&ctx=eyJydHNfYXV0aCI6MiwiZGVmX3Bhc3MiOjF9&r=enter&playeruid=0&uuid=7a7468ef-4f06-4db2-b121-d0a394103745|999
1|0|百家讲坛/国史通鉴远古|3
1|0|百家讲坛/刘心武红楼梦|3
1|0|百家讲坛/王立群读史记|3      
1|0|百家讲坛/竹林七贤|3
1|0|/mnt/share3/loop|999999
1|0|抗日战争|3
1|0|长征|3
1|0|二战全实录经典时刻|3
1|0|/mnt/share3/loop|999999


2|0|岳云鹏|3
2|0|圆桌派/圆桌派1|1
2|0|圆桌派/圆桌派2|1
2|0|圆桌派/圆桌派3|1
2|0|圆桌派/圆桌派4|1
2|0|圆桌派/圆桌派5|1
2|0|圆桌派/圆桌派6|1
2|0|圆桌派/圆桌派番外|1
2|0|圆桌派/圆桌派1|1
2|0|圆桌派/圆桌派2|1
2|0|圆桌派/圆桌派3|1
2|0|圆桌派/圆桌派4|1
2|0|圆桌派/圆桌派5|1
2|0|圆桌派/圆桌派6|1
2|0|圆桌派/圆桌派番外|1
