0|爱君如梦.mkv|1|1|1|1
0|爱君如梦.mkv|1|1|1|1
0|白马啸西风|12|12|1|1
0|包青天|105|236|1|1
0|碧血剑|35|35|1|1
0|碧血剑黄日华|20|20|1|1
0|兵权|1|20|1|1
0|超级学校霸王.mp4|1|1|1|1
0|超级学校霸王.mp4|1|1|1|1
0|陈真|20|20|1|1
0|大将军|20|20|1|1
0|大将军|20|20|1|1
0|大冒险家.mkv|1|1|1|1
0|大冒险家.mkv|1|1|1|1
0|大唐名捕|20|20|1|1
0|大侠霍元甲|20|20|1|1
0|大运河|60|60|1|1
0|刀剑笑.mkv|1|1|1|1
0|刀剑笑.mkv|1|1|1|1
0|赌城大亨之新哥传奇.mp4|1|1|1|1
0|赌城大亨之新哥传奇.mp4|1|1|1|1
0|赌城大亨之至尊无敌.mkv|1|1|1|1
0|赌城大亨之至尊无敌.mkv|1|1|1|1
0|赌侠1999.mp4|1|1|1|1
0|赌侠1999.mp4|1|1|1|1
0|赌侠大战拉斯维加斯.mp4|1|1|1|1
0|赌侠大战拉斯维加斯.mp4|1|1|1|1
0|赌侠.mkv|1|1|1|1
0|赌侠.mkv|1|1|1|1
0|断刀客.mkv|1|1|1|1
0|方世玉1.mkv|1|1|1|1
0|方世玉2.mkv|1|1|1|1
0|飞狐外传.mkv|1|1|1|1
0|豪门夜宴.mkv|1|1|1|1
0|豪门夜宴.mkv|1|1|1|1
0|豪侠传|15|16|2|2
0|轰天龙虎会.mp4|1|1|1|1
0|琥珀青龙|20|20|1|1
0|皇上保重|11|20|1|1
0|火云传奇.mkv|1|1|1|1
0|霍东阁|30|30|1|1
0|今生今世|39|39|1|1
0|精装追女仔2.mp4|1|1|1|1
0|精装追女仔2.mp4|1|1|1|1
0|九二神雕之痴心情长剑.mp4|1|1|1|1
0|九二神雕之痴心情长剑.mp4|1|1|1|1
0|决战紫禁之巅.mkv|1|1|1|1
0|烈火战车.mkv|1|1|1|1
0|烈火战车.mkv|1|1|1|1
0|六指琴魔.mkv|1|1|1|1
0|龙神太子.mkv|1|1|1|1
0|龙在边缘.mp4|1|1|1|1
0|龙在边缘.mp4|1|1|1|1
0|龙在江湖.mp4|1|1|1|1
0|龙在江湖.mp4|1|1|1|1
0|摩登如来神掌.mp4|1|1|1|1
0|摩登如来神掌.mp4|1|1|1|1
0|魔剑生死棋|45|45|1|1
0|末代皇帝陈道明版|10|28|1|1
0|末代皇后.mp4|1|1|1|1
0|庆余年|1|46|2|10000
0|群星会有台标.mp4|1|1|1|1
0|群星会有台标.mp4|1|1|1|1
0|三狼奇案.mp4|1|1|1|1
0|三狼奇案.mp4|1|1|1|1
0|上海滩十三太保.mp4|1|1|1|1
0|上海滩十三太保.mp4|1|1|1|1
0|神雕侠侣任贤齐|12|47|1|1
0|水浒传|46|46|1|1
0|水浒传英雄本色.ts|1|1|1|1
0|水浒传英雄本色.ts|1|1|1|1
0|四大名捕1984|20|20|1|1
0|天地雄心.mp4|1|1|1|1
0|天地雄心.mp4|1|1|1|1
0|天龙八部1982|50|50|1|1
0|天龙神剑|20|20|1|1
0|铁将军阿贵|35|35|1|1
0|铁将军阿贵|35|35|1|1
0|铁将军阿贵|35|35|1|1
0|卫斯理之蓝血人.mp4|1|1|1|1
0|卫斯理之蓝血人.mp4|1|1|1|1
0|无头东宫|16|29|1|1
0|五虎将之决裂.mp4|1|1|1|1
0|五虎将之决裂.mp4|1|1|1|1
0|武林外史|40|40|1|1
0|戏说慈禧|49|62|1|1
0|戏说慈禧|62|62|1|1
0|戏说乾隆1|2|42|1|1
0|戏说乾隆1|42|42|1|1
0|戏说乾隆2|40|40|1|1
0|侠客行|20|20|2|2
0|侠圣.mp4|1|1|1|1
0|侠圣.mp4|1|1|1|1
0|小李飞刀焦恩俊|1|40|1|3
0|笑傲江湖1990.mkv|1|1|1|1
0|笑傲江湖|43|43|2|2
0|笑傲江湖梁家仁|1|30|1|1
0|笑傲江湖马景涛|41|41|1|1
0|笑傲江湖任贤齐|40|52|1|1
0|笑傲江湖任贤齐|52|52|1|1
0|新难兄难弟.mkv|1|1|1|1
0|新仙鹤神针1993.mp4|1|1|1|1
0|秀丽江山|50|50|1|1
0|杨门虎将|33|33|1|1
0|倚天屠龙记马景涛|1|64|1|10
0|英雄少年|47|47|1|1
0|英雄少年|47|47|1|1
0|与龙共舞.mp4|1|1|1|1
0|与龙共舞.mp4|1|1|1|1
0|战神传说.mp4|1|1|1|1
0|战神传说.mp4|1|1|1|1
0|至尊计状元才.mp4|1|1|1|1
0|至尊计状元才.mp4|1|1|1|1
0|至尊无上之永霸天下.mp4|1|1|1|1
0|至尊无上之永霸天下.mp4|1|1|1|1
0|至尊无上.mp4|1|1|1|1
0|至尊无上.mp4|1|1|1|1
0|最佳福星.mp4|1|1|1|1
0|最佳福星.mp4|1|1|1|1
0|最佳损友闯情关.mp4|1|1|1|1
0|最佳损友闯情关.mp4|1|1|1|1
0|醉拳3.mkv|1|1|1|1
0|醉拳3.mkv|1|1|1|1
1|决战紫禁之巅.mkv|1|1|1|1
