0|地下交通站第二部|36|36|1|1
0|地下交通站第一部|28|28|1|1
0|陆小凤之凤舞九天1986|40|40|3|3
0|鹿鼎记韩栋|34|49|1|1
0|天地豪情|25|62|2|2
0|延禧攻略|70|70|1|1
0|宰相刘罗锅|24|24|1|1
0|知否知否|73|73|1|1
1|恨锁金瓶|5|20|2|5
1|惊天大阴谋|8|20|1|2
1|我本善良|40|40|3|3
1|无所畏惧|40|40|1|2
1|延禧攻略|70|70|1|1
1|义不容情|43|50|1|3
1|知否知否|2|73|2|3
1|/mnt/share1/movies|2|17|1|5
2|德鲁比|7|8|1|3
2|恨锁金瓶|9|20|1|2
2|回到三国|21|24|1|5
2|江湖奇侠传|28|59|1|1
2|李卫当官|30|30|1|1
2|李卫当官二|32|32|1|1
2|吕布与貂蝉|2|12|1|1
2|梦华录|40|40|1|3
2|叛逆者|43|43|1|1
2|潜行者|37|37|1|1
2|天地男儿|17|65|2|4
2|纵横四海|23|42|2|4
