0|莲花争霸|25|25
0|庆余年|46|46
0|太极张三丰|30|30
0|武当张三丰|20|20
0|小宝与康熙|8|
0|倚天屠龙记马景涛|11|64
0|英雄贵姓|20|20
1|大地飞鹰1992|20|20
1|大运河|60|61
1|江湖浪子|1|20
1|金蛇郎君|10|10
1|逆水寒|14|14
1|天变|30|30
1|雪花女神龙|45|45
1|倚天屠龙记梁朝伟|25|40
2|边城浪子|0|20
2|封神榜|37|37
2|河东狮吼|0|20
2|聊斋电视系列片|22|32
2|苗翠花|20|20
2|哪吒|25|25
2|三国演义|5|84
3|八仙过海|30|30
3|大地飞鹰1992|20|20
3|刀马旦|20|20
3|绝代双骄GOTV1988|20|20
3|冷月孤星剑|30|30
3|莲花争霸|25|25
3|七侠五义|75|75
3|天蚕变之再与天比高|30|30
3|武林幸运星|20|20
3|笑傲江湖周润发|30|30
3|寻秦记|18|40
3|赢单传奇|35|35
4|包青天|236|236
4|新包青天|30|160
5|傲剑至尊|20|20
5|白眉大侠|34|34
5|楚留香郑少秋版|65|65
5|甘十九妹|24|24
5|少林与咏春|20|20
5|英雄广东十虎|40|40
5|真命天子|14|20
6|蝉翼传奇|5|11
6|洪熙官|30|30
6|琥珀青龙|20|20
6|陆小凤之凤舞九天1986|38|40
6|天龙八部1997|45|45
6|天龙奇侠1991|20|20
6|侠客行|20|20
6|寻秦记|40|40
6|玉面飞狐720p|20|20
6|越女剑|20|20
